50 180
5 1 5 2 6 1 6 2 5 11 6 11 7 11 4 12 3 13 3 14 8 12 9 13 9 14 6 15 4 16 5 17 6 17 7 17 6 18 8 16 3 21 4 21 5 21 3 22 4 22 5 22 2 23 6 23 1 25 2 25 6 25 7 25 3 35 4 35 3 36 4 36
22 78 23 78 24 78 25 78 26 78
24 80 25 80 26 80 27 80 28 80
26 79 26 81 26 82
23 84 24 84 26 84 27 84 23 87 24 87 26 87 27 87
22 85 22 86 25 85 25 86 28 85 28 86
23 91 24 91 25 91 26 91 27 91
22 92 22 93 28 92 28 93
23 95 24 95 25 95 26 95 27 95 28 95
22 96 22 97 25 96 25 97
22 99 23 99 24 99 25 99 26 99 27 99
22 102 23 102 24 102 25 102 26 102 27 102
28 100 28 101